ID	X	Y
1	4.079372655738548	3.092025768530959
2	4.3730226554477705	1.391014652575532
3	4.045069212358593	1.7110494452541483
4	2.7101315981193035	2.832779116769392
5	5.081084130099756	5.796268252256269
6	4.0856286285951695	4.36995348515304
7	1.267530007117619	3.9270579240672268
8	1.3250635728549096	5.6743461100279715
9	3.2551779329442083	5.512558666686633
10	6.075576946996562	3.827440924794945
11	6.1694627843925085	2.5075103946584854
12	6.68462290908832	0.26831341632927175
13	7.690090128653962	1.215484626127526
14	2.31160025364055	0.8772987637537396
15	6.422560121536343	3.2884267020603
16	7.601468655521247	4.044519646984348
17	1.3414759914365866	3.4921584498040303
18	3.515840026926077	5.674566161831308
19	5.296406779077994	1.781109004549882
20	2.1907764540711674	0.00022005180333607103
21	2.0412288461337855	2.2685503378632483
22	4.115199507074606	2.1727791270083916
23	3.871766061741277	5.7610399432047625
24	5.430576597986286	1.9044657106791194
25	4.181675933087315	4.545555317077237
26	3.118976344345735	1.02716694692538
27	5.7591158115509735	1.2571286150169372
28	3.5175076888244883	2.982647299941032
29	4.4176398201143865	3.764970165212907
30	0.0016676618984109732	3.308081138109724
31	7.121233041036393	1.9838611606630248
32	5.810891207827243	3.3078610863063886
33	5.080004194902608	5.715310822799776
34	1.6956917007526375	1.135081959297997
35	1.2082381331613303	5.954270879595014
36	4.2651151027663525	5.230616248618878
37	5.026562200074014	1.4087155625177767
38	1.1461387584206173	4.203449301693498
39	7.267446388523042	0.15158694750083962
40	5.628631069596129	1.2208020017524654
41	2.8498065684086553	2.386616782287933
42	5.626963407697718	3.9127208636427406
43	3.7285735273722627	0.4027556216249082
44	7.816072199870475	0.6048597773363524
45	6.6485693324696555	0.6874447988251318
46	6.120380499117837	5.469777818038355
47	5.440331199308325	0.7331739192301183
48	1.8552653963514851	0.23916156941947753
49	0.4137689992343101	5.324458356712341
50	0.7091266379308678	2.0357122677259802
51	1.1463226107112683	5.172871409211502
52	3.080495568334739	0.8149102659735145
53	6.296516042302613	2.7862546269235686
54	5.45353216063702	2.9021894023307735
55	2.5679425149303508	2.383499005298661
56	5.637459960766546	2.297329624994421
57	3.9193731824606957	1.6960542064735291
58	7.517079461648708	2.827551806956066
59	6.479041983152371	0.9628802872434108
60	5.661814065297223	2.588390237536588
61	6.06527298391806	1.6384219305310697
62	4.952687427366356	0.5526779698106086
63	4.918950373206792	2.4655505213195674
64	1.8721918590316171	5.737767703837094
65	6.622434330904179	5.679295894395999
66	4.418659698394596	2.8355783015063207
67	4.054491815973829	3.295796889097338
68	6.781199737628051	0.5382486765118994
69	0.13511863351313275	1.5997426826238086
70	7.264120275979342	3.710696869555833
71	1.6560766503607622	0.6368623953803978
72	1.6023062106821184	1.122306632019245
73	3.5908036664427017	4.998440464849328
74	4.649618783315763	0.5696286622086362
75	6.67185329323591	2.532889943529761
76	2.7774269242841454	0.8318609583715422
77	0.04941896233173051	2.853594049133762
78	6.358767225889549	3.996282656865221
79	3.9949271463579024	5.557797160036424
80	7.577567488261498	3.458033980353322
81	3.8598085128447694	3.958054477412616
82	0.3134472122821562	5.747337110797488
83	2.203731862484007	3.321192082032218
84	6.711141001600038	4.625030478778244
85	6.612928196041306	4.32275161718289
86	2.061522218284275	4.055401816569608
87	7.941074902805396	1.789861673653129
88	7.28409529400013	3.2235408581980654
89	7.891655940473666	4.936267624519366
90	0.9253280681105804	5.227258201332845
91	3.8967287941157633	5.378470464482942
92	1.3477605798490822	1.7692242209795221
93	0.03692028127099399	1.4204159870703261
94	1.034313367566926	2.0218871101820333
95	5.833188418786986	4.099223905038108
96	2.3231723659668884	3.3968566314037894
97	7.220260222745681	5.776472287855219
98	0.2616501476826131	5.341454814834181
99	7.279185319940284	3.98661061420209
100	0.9775548536824836	2.117913956636116
101	7.387529379466619	5.050342989682723
102	0.05222678557190315	2.890655755303272
103	3.490800585350855	5.671872525199781
104	6.704466205722821	1.12143153432375
105	3.453880304079861	4.251456538129455
106	5.670152838155895	5.099544424141716
107	5.6206918852928744	0.152232633091347
108	3.346980472189007	1.7026877927379274
109	6.400431662547193	0.3757603452361285
110	3.0853303245063937	2.361232977903746
111	7.121246342606909	2.389149731034039
112	2.1077754708239103	0.24331902126763016
113	7.7337169631402904	3.338806741351316
114	2.055548685252007	3.3526632659643587
115	4.242916377789435	3.6669342161515344
116	3.351082479529186	2.2312317316406087
117	0.7890360737095743	5.415477678022079
118	5.680929641373291	3.1316873074988916
119	3.1683441884167	5.263245044930732
120	2.333949169184284	1.428999514760964
121	4.767912525869506	4.887484699694604
122	7.248618844677891	5.067766536857218
123	5.646666183262597	2.498334968660565
124	5.14084337385398	4.824447515589588
125	5.912949220122306	5.1595282273092495
126	3.085294688601973	1.4717842496252294
127	1.6700328423328707	1.492594011157715
128	7.734212209072787	5.240552517984621
129	0.8809967686232963	2.0771163331356357
130	2.053282567699496	2.1088652104857295
131	5.712652580206597	2.8138712882049033
132	7.719333398515212	0.6798656957247655
133	0.9447400543370906	3.9263865885103
134	0.47071455383732175	1.6120991588675477
135	3.298073871074494	1.4280516198497344
136	3.3298711799833414	2.7876516432779597
137	5.3851246509521875	2.2685233925404855
138	0.24457649138136836	1.3158673936527305
139	3.715091808619317	0.7759293813827702
140	0.5103642823085812	2.0753148756681097
141	2.8340950399960207	4.698813048247135
142	6.457081714609085	5.966449665182379
143	5.121442459789424	1.8849417600422311
144	6.737748316093873	5.286583969457615
145	4.176702405452334	3.9585551715319323
146	6.267033762256551	3.6744848105900667
147	0.8786285343778395	2.530503551682197
148	2.9371625822732095	0.8868331673121068
149	3.4935038834256518	0.2619801591417122
150	2.692586090891841	5.570965773659376
151	7.778412074806335	5.486050777758942
152	2.18222180858326	3.495650897991267
153	4.9443170348103145	0.7872377295118074
154	3.725140093974175	3.5292012328088864
155	7.82287457502089	4.902295969469576
156	4.987391777880302	4.242617263351272
157	3.646172169568557	0.9437407979376444
158	6.720358015623751	0.5681324527612057
159	2.767543635190717	4.413237246255447
160	3.7831954333505413	5.681299285449098
161	7.2740397517650655	4.151257087113734
162	1.0906093424587002	0.11033351178972259
163	7.495627676958731	4.665206309354793
164	6.90838753387544	2.614682613798456
165	2.5513106421484166	3.8779685798429857
166	3.1832474399012654	5.0854813809895685
167	2.7284360671275265	4.97567261037341
168	6.195855662020963	0.8428641176382963
169	7.08226389755897	4.031931812435765
170	7.475497646397212	0.27473166487709066
171	4.314720262368252	5.618694566180318
172	3.6923022130466707	0.5934323794279918
173	5.0406805106031864	1.467437479066583
174	2.6016928705879705	0.48309886763826915
175	5.545052833644456	2.8022311697117903
176	3.6933053367125304	3.868416253839814
177	2.9937421914960387	4.924262589868804
178	0.510057896811265	4.7829348728502445
179	0.2653061243685125	5.948589979495395
180	2.3142022347903017	3.9400707552119485
181	1.183042226809543	1.91665816705963
182	2.8387045883930897	3.6653390903348577
183	4.868321964441291	2.2979636008793123
184	7.146402375346419	3.0719067109068656
185	7.827641453838105	0.8305261218127291
186	4.5447095047584485	2.5888078432685964
187	2.282588620193649	4.028294952100939
188	0.8514041680459183	4.720391589428783
189	7.28884642869761	5.104032362232135
190	0.3413462712346533	5.937456716578539
191	7.023540304329098	5.15544238273674
192	6.027144036444351	1.9973859613665903
193	5.8404980775195545	3.23878421567711
194	3.1884394480512617	4.332046871031733
195	0.9721761130782637	0.9408206147977975
196	4.042037072704843	1.260140160124867
197	1.144534659240159	0.11029449298506838
198	7.497327567946394	4.671332316856271
199	6.861946039046511	2.081999540884129
200	6.645923399900475	5.950940727427487
201	7.5730996103489	2.977967178651994
202	6.304577128665822	0.013484010848948414
203	0.5495593060198024	3.822524795915254
204	0.27743309222147094	4.016098049482358
205	2.7090612285002478	0.5837405802381448
206	5.088993644170209	5.684051178450625
207	1.7368851154219842	5.642919965440347
208	1.046956571465367	4.423911018325758
209	0.592350456181825	5.532625472455279
210	1.549629003518973	5.7525787014694885
211	1.730404417135315	3.4506259315711496
212	2.9037056036184974	5.801637974042
213	2.157304806786415	0.4726587529191554
214	4.599128474952675	5.788153963193052
215	1.6077455007666124	2.650133957003901
216	4.321695382731204	1.7720559137106942
217	6.898684272266364	2.066393376765756
218	7.232701738560995	2.0880047352600695
219	5.16179915684438	2.423473411325409
220	6.185745167095628	3.6640937169343113
221	4.569448700662555	2.89084793887013
222	4.636116163576655	3.911515015464823
223	2.8390442835272403	5.44022200729898
224	1.7324105599581574	4.109877041422823
225	0.6817394767408255	4.967563254379825
226	5.133282085005482	4.321723078229771
227	7.073993975974213	2.317429297375924
228	0.811586702274278	2.5496671645190765
229	0.17530970370784849	0.25103592061016816
230	1.5788849637132831	0.46166242925900725
231	3.013510546863468	3.827562509284759
232	3.393139796617655	2.797568712324696
233	6.4440618462009125	0.9367145704146292
234	6.757023633041	4.8860536968598725
235	3.6050175626736727	1.496492563115649
236	5.024613073082842	0.77617665543705
237	2.923278085932847	2.5289293087358238
238	7.89133098807736	2.4544535772072793
239	3.849284109958634	0.2115000113598996
240	7.079744285803082	5.904786412688203
241	3.6739744062507853	5.960464090749731
242	5.500859322089799	5.443123983429196
243	0.6604638593873173	2.132901581464972
244	2.1077195254721444	2.6455552711044996
245	2.2164020131864044	1.1961870110503428
246	3.350695892431144	3.759501574244627
247	6.611384450512732	5.699694447934695
248	6.326082819348302	2.9833249188075768
249	3.688106364579885	3.17076513919887
250	6.43475183127094	0.5288713416002975
251	7.838822254621251	2.9592651278389708
252	7.355007545467858	0.6240849289120945
253	4.164847848370465	2.9988010370892395
254	1.8541482233780584	1.1809609454828986
255	3.504383988983148	0.8658994556242671
256	7.746428697905914	4.535405674378399
257	1.2879819757967435	5.669712444573925
258	4.395732805474769	0.7759041001337721
259	2.6765975252840115	5.97001799663923
260	6.0696499861264686	3.792579181326195
261	6.988491160704126	2.79925285744036
262	7.634898154855527	3.2637078397258974
263	7.1496689060828755	5.839987729601389
264	0.2798906093876695	2.639622910813803
265	2.98482105771241	2.8411866925121503
266	6.4257423860096115	1.4586619653309043
267	7.4804370687292625	1.975287236887883
268	6.679313688103697	2.9232562909525055
269	6.192455092932518	2.3055747923139585
270	2.2835808826289274	2.147352190818733
271	3.515857567648507	2.3355567956747283
272	4.213930896502459	4.354773009492538
273	4.52736640694438	5.536303938234369
274	4.579032741646931	1.0910651697666403
275	5.377697500861505	5.696316208632979
276	4.299142132259262	4.451442258952837
277	2.3928764431490945	2.855129516120829
278	5.8733997462496506	2.9927802936219328
279	2.9124393744198325	0.879842279232946
280	7.194086058145953	0.06952400266942751
281	4.719984281487314	4.574267486918988
282	4.910505175517026	3.9221718118506943
283	1.2041267138388068	2.238710691244259
284	0.6965742790145671	5.567398802358157
285	4.676760306894426	2.7024067530098903
286	4.117541537367636	4.476333632591516
287	7.2990628060329215	3.0060905443769115
288	7.818399405108374	0.02489137363867898
289	4.906186362883827	0.15096102825608249
290	1.9449996588587226	3.0321110800167457
291	1.9937469884639947	5.271118749023136
292	2.7509136007127686	2.9625870773473184
293	5.273762706976681	0.696851262104149
294	5.840408425195743	5.040415265496625
295	4.069635993137874	4.45814057085989
296	5.143834146181176	5.4730164631384675
297	7.392875686243448	1.7557338178499995
298	1.0262926088135398	0.9966828305469517
299	0.09381288021052625	4.7496432734730885
300	1.2078932037051662	0.9717914569082726